INPUT DATA

 /No. of Rows=  803 /No. of cols=  489 / Grid Cell Width=     6.000 /No. of Roughness Categories=    1 / sdep=      0.00
Computational time step(seconds)=      0.10 /NINTER=     36000/NITRN=     36000NPRN=     36000NPLT=      6000 /Elevation conversion factor=      1.00 /routing option= 1 /Manhole routing option= 1
Outlet row=  264 /Outlet column=   70 /Outlet channel slope=    0.0030 /QMAX=  1500.000 /Outlet channel Width=    20.000/Outlet Channel Depth=     0.025 /Outlet Channel Roughness Coeff.=     0.002 /Outlet Overland Slope=    0.0030
INDEXINF=    1NSOIL=    1
No. of Channel links=    0/Max no. of channel Nodes=    0
IRAIN=    1
No. of raingages=      1056 /NREAD=      6000
	RAINGAGE LOCATIONS     COLUMN     ROW
 202085.70      444316.12
 201689.80      444964.41
 201911.25      444293.44
 202956.42      443846.44
 203571.98      444570.19
 203112.56      446227.25
 203045.31      446202.84
 201845.23      442735.50
 202976.92      446174.38
 201921.89      445862.22
 201912.48      442886.62
 201871.47      445839.47
 202915.38      446153.28
 201897.19      445753.75
 201906.39      445733.12
 202020.19      445772.56
 201958.23      445607.75
 202033.91      445404.56
 202074.53      445310.19
 202009.95      445795.03
 202993.66      445290.28
 201954.48      445774.28
 201834.27      443163.88
 201743.27      443156.94
 203611.75      444462.16
 203009.95      445305.38
 202956.34      445440.62
 202121.39      445836.97
 201847.31      443054.84
 202094.02      445914.56
 202060.25      445813.31
 203047.62      446313.81
 202025.62      445899.59
 203112.81      446330.66
 202982.44      446379.38
 203044.97      446388.84
 203111.41      446395.66
 203047.52      446272.47
 203604.38      444348.16
 202215.06      443975.97
 201977.48      445880.91
 201902.41      443013.19
 202148.09      444151.62
 201975.16      443043.41
 202095.05      443091.19
 203647.84      444363.97
 203001.59      446304.38
 202141.03      443107.94
 202186.77      443116.38
 201364.53      443552.19
 202318.67      443073.03
 201316.80      443545.16
 202868.06      446273.06
 201301.09      443646.03
 202961.48      446205.19
 202903.86      446183.16
 203684.05      444274.22
 201236.30      443735.38
 202892.30      446213.19
 201346.92      443751.34
 202080.69      445611.69
 202500.20      443230.72
 201478.30      443638.59
 201456.09      443669.88
 203832.41      444277.38
 201288.95      443743.09
 202783.75      446415.53
 201351.52      443702.12
 202098.44      445562.84
 202117.59      445509.62
 201418.75      443761.44
 202138.27      445458.50
 201963.19      443082.88
 202157.06      445410.28
 202012.06      443109.78
 201921.17      443131.47
 202005.94      443146.00
 202926.00      446362.59
 202846.45      446329.62
 202843.70      446418.34
 202217.23      445529.78
 202247.91      445538.88
 201584.31      443825.53
 202230.94      445494.03
 202787.30      446305.09
 202721.45      446280.31
 202716.77      446411.00
 202723.19      446392.31
 202726.81      446363.28
 202694.31      446269.53
 202669.02      446343.47
 203941.88      444115.84
 202249.30      445442.28
 202683.41      446399.56
 202373.44      445491.31
 202263.27      445526.19
 203905.61      444023.88
 202318.45      445466.09
 201540.69      443750.69
 202660.52      446255.78
 203879.86      444090.66
 203791.70      443981.72
 201521.53      443801.03
 202656.09      446194.38
 202115.73      445358.28
 203902.30      444218.75
 201627.23      443842.59
 202680.48      446128.34
 203739.66      444119.56
 203654.91      444067.75
 203570.08      444012.81
 201752.91      445498.53
 201807.31      444042.75
 202465.25      446317.12
 201927.05      444083.97
 201992.50      444106.25
 202542.22      446149.75
 201814.61      445522.62
 202060.00      444143.88
 203723.20      443881.03
 201864.53      445541.00
 202085.06      444142.44
 201821.34      445648.25
 201887.16      445673.69
 202063.27      443924.41
 203632.70      443847.62
 201928.52      445563.09
 201985.89      445415.50
 203814.44      443916.38
 202568.42      446089.62
 203699.44      443946.88
 203607.34      443914.38
 202039.28      445267.41
 201951.59      445163.59
 203583.30      443980.38
 202404.38      446293.19
 202341.66      446231.91
 202373.66      446263.75
 201413.23      443660.91
 201371.56      443563.53
 201421.41      443611.59
 202456.33      446180.59
 202415.66      446167.22
 201996.62      445214.94
 201617.62      443468.81
 201699.92      443566.81
 201665.30      443548.31
 201688.34      443499.75
 202608.52      442866.47
 201499.30      443573.00
 203437.19      444398.84
 201819.20      445326.69
 201495.09      443621.56
 202428.66      446038.31
 202384.20      446152.28
 201853.88      445240.72
 202498.28      446060.59
 203474.31      444299.56
 201903.34      445107.28
 201602.58      443707.25
 202599.55      442965.88
 201864.20      445059.84
 203675.27      444013.97
 203767.34      444048.84
 202151.27      446063.44
 202025.42      444476.38
 201962.00      444644.19
 203844.27      443843.62
 203709.45      444200.62
 202224.12      444399.31
 202172.72      444533.03
 202121.59      444670.94
 203572.11      444118.22
 201957.38      444656.41
 202170.52      445855.94
 202101.16      446047.38
 202225.20      445874.69
 201924.34      444742.66
 202292.95      445905.00
 201845.73      444955.50
 202223.59      444177.94
 201945.75      444995.50
 203513.39      443975.91
 201820.02      444947.31
 202131.84      442776.28
 203617.28      443694.19
 202216.47      442850.06
 202078.59      442810.78
 202098.31      442816.81
 201662.70      445084.12
 203581.69      443790.56
 202286.98      444234.91
 202216.83      444207.56
 203546.34      443888.50
 202309.34      442883.75
 202276.23      446105.16
 201663.28      445245.78
 202361.11      442845.44
 201710.19      445260.44
 201712.56      445142.56
 203329.45      443902.81
 201712.27      445096.53
 202319.61      445997.31
 202266.02      445978.09
 202340.16      442960.47
 201755.78      445195.91
 202289.81      442981.88
 201741.81      445047.69
 202503.14      442800.75
 202370.06      445934.97
 202454.16      442787.28
 202524.69      445992.34
 201808.41      444998.28
 203747.23      443728.81
 202508.02      442775.16
 202469.14      445973.34
 201617.94      445010.19
 201643.31      444950.16
 202373.56      442881.47
 203594.89      443685.88
 202394.72      442938.47
 202484.70      443012.00
 203001.42      445926.47
 202901.28      445887.69
 202431.09      443032.25
 202975.67      445992.12
 203485.33      443597.38
 202285.20      445344.28
 202374.88      443054.03
 203385.41      443637.00
 203459.17      443664.84
 202139.62      445287.69
 203353.33      443719.16
 203426.66      443746.38
 202122.05      445334.81
 201769.97      443539.00
 202950.95      446059.84
 202372.27      443114.94
 202522.45      443171.62
 201852.73      443439.53
 202928.48      445728.44
 203271.05      443958.19
 202873.34      445879.12
 201934.44      445435.38
 201806.52      445395.09
 201855.64      445410.44
 202353.20      443161.28
 203409.62      444467.72
 202496.73      443212.03
 201872.89      443820.38
 202848.84      445943.81
 201956.23      445326.03
 201855.52      443874.12
 201928.30      445316.62
 203339.19      444434.25
 202823.45      446009.66
 201896.41      445303.75
 201910.48      445263.84
 201931.31      443838.25
 203521.64      444172.47
 201868.39      444040.31
 203109.69      446189.81
 203178.38      445749.72
 201617.77      445231.44
 203135.98      445856.22
 203115.27      445970.09
 203044.12      446167.25
 201739.77      445270.28
 201769.19      445278.56
 202928.62      446120.97
 201721.12      445335.31
 201745.05      445348.72
 201942.38      444072.28
 202648.66      443069.22
 202007.36      443902.94
 203451.02      444145.62
 201774.86      445443.19
 201707.80      443507.56
 201732.55      443584.25
 201750.81      443587.69
 201795.17      445389.38
 202951.05      442887.69
 201801.12      445374.44
 203378.84      444262.22
 201933.30      443194.47
 203425.84      444136.84
 201785.80      445195.72
 201811.44      445170.47
 202721.38      443098.00
 203451.11      444046.78
 201775.64      445110.69
 201901.05      443280.62
 201771.59      445099.91
 201937.14      443335.19
 202022.16      443322.81
 201981.09      443307.84
 202697.17      443162.66
 202807.98      445854.59
 202798.27      446073.44
 203216.16      444335.03
 201749.81      443396.97
 202846.94      442954.38
 202785.94      442917.91
 202734.09      446046.19
 202704.62      446039.50
 202671.94      443230.22
 202841.84      445695.66
 202810.27      445778.41
 201711.19      444905.66
 203212.88      444109.00
 203178.19      444005.28
 202109.25      444701.03
 202104.23      444715.53
 202648.88      446012.88
 201988.53      443425.59
 201979.84      443467.06
 202476.12      445950.59
 203166.28      444269.56
 202675.34      445952.38
 202841.09      443292.31
 202555.62      445909.78
 203182.73      444221.66
 203229.80      444231.06
 203150.89      444132.94
 203343.31      444247.53
 202200.58      445844.06
 203251.38      444234.69
 201278.19      443807.75
 203289.77      444084.84
 201262.66      443537.12
 203258.67      443507.72
 201242.94      443687.16
 203007.91      443412.34
 202515.84      445840.75
 202472.62      445825.66
 203187.00      443926.34
 201271.11      443466.31
 202949.41      443337.81
 202920.70      443379.03
 203159.06      444531.59
 203103.34      444510.56
 203009.05      444476.94
 202825.25      443356.19
 202693.52      445668.91
 202723.44      445709.84
 202915.38      442982.50
 201762.95      443613.38
 201775.00      443657.00
 201739.45      443717.53
 201730.64      443712.19
 201701.44      443690.69
 201679.41      443673.59
 201641.75      443646.12
 201672.73      443668.53
 201682.77      443762.75
 202517.09      443222.09
 202660.31      445790.50
 203259.39      444622.25
 203239.67      444614.38
 203143.03      444568.44
 202996.31      444514.16
 202911.30      444732.44
 202755.02      443397.44
 202665.45      445732.06
 202933.11      444678.16
 202523.84      445831.97
 202909.92      444665.97
 202630.95      443352.34
 202972.66      444575.00
 202604.16      445770.38
 202498.09      445788.56
 203017.25      444592.78
 202648.66      443287.56
 202603.38      445647.16
 202500.91      443673.81
 202653.06      445611.94
 202572.47      445667.62
 202542.97      445691.72
 202423.48      445807.88
 202403.22      445860.41
 202434.45      445774.88
 202565.98      443699.19
 202477.50      445740.78
 202245.12      445822.91
 202266.59      445763.03
 202185.78      445778.62
 202253.14      445747.78
 202319.03      445828.03
 202321.70      445717.00
 202291.95      445679.28
 203140.14      444335.41
 202654.98      442709.12
 203110.12      444412.62
 202405.27      445651.16
 203114.00      444208.09
 203073.83      444308.66
 202535.91      445552.72
 202564.08      445592.47
 202502.69      445576.81
 201812.00      442560.72
 203029.48      444424.56
 202187.66      445664.84
 202969.20      444269.03
 202897.23      444241.75
 202246.17      445615.91
 202280.77      445586.97
 202363.69      445684.22
 202327.05      445552.56
 202357.27      445526.75
 202391.91      445444.91
 202385.34      445494.53
 202468.42      445523.31
 202429.73      445551.97
 201663.80      442599.53
 202642.31      445537.12
 202613.48      445498.84
 201787.84      442668.56
 202576.16      445447.62
 203318.25      443799.69
 202510.70      445412.22
 202550.09      445466.53
 202478.62      445434.47
 202454.66      445440.28
 202500.61      445502.16
 202419.52      445440.56
 202411.70      445441.28
 202518.11      445488.47
 203244.55      443770.91
 203292.19      443653.34
 203233.45      443580.84
 202419.03      445375.94
 202393.39      445381.19
 203169.83      443742.09
 203334.23      445711.19
 201997.78      442693.62
 203098.69      443716.84
 201987.02      442745.75
 203263.16      445675.72
 201958.81      442775.78
 201939.25      442824.78
 203025.95      443687.59
 203340.20      445580.44
 203101.48      443485.75
 203405.20      445497.62
 203235.69      445658.59
 203110.50      443897.50
 203037.33      443871.81
 202967.45      443846.56
 202878.09      444027.28
 201691.11      442711.97
 201637.30      442848.31
 201807.02      442772.66
 202931.86      443887.03
 202879.73      443827.06
 203372.81      445479.66
 203283.77      445440.88
 201866.92      442893.84
 202870.11      443628.06
 202831.59      443612.72
 202833.16      443729.47
 203102.12      445600.16
 203139.05      445510.81
 201708.78      443154.88
 202670.70      443738.09
 201668.75      443078.16
 201758.09      443063.44
 202058.92      443211.56
 202038.12      443272.19
 201988.20      443182.94
 202021.19      443197.28
 202740.52      443972.38
 202103.66      443065.44
 202602.53      443921.00
 202195.20      443098.34
 202733.70      443576.72
 201886.66      442700.59
 202703.02      443660.56
 202080.97      443134.62
 202794.70      443411.62
 203182.08      445401.94
 202628.91      443535.91
 202607.20      443588.88
 202561.86      443514.38
 203447.53      445312.12
 203321.27      445343.19
 202951.02      443418.31
 202290.55      444011.50
 203067.66      443381.59
 203027.52      443366.44
 203189.56      445374.12
 202672.75      444154.28
 202598.98      444126.16
 202618.06      444082.72
 203186.84      445139.44
 202529.95      444105.88
 203248.06      444876.62
 203152.23      445131.69
 202508.62      444046.38
 202883.25      443181.16
 203126.89      445197.09
 203120.84      445269.62
 203244.59      445315.16
 203289.73      445255.34
 203214.05      445302.91
 202108.06      443806.47
 202075.27      444149.72
 202137.33      444182.16
 203027.23      444689.16
 202839.97      445033.59
 203005.69      444678.53
 202897.77      445155.72
 202004.86      444096.03
 202972.67      445160.59
 202944.27      445157.94
 202994.69      445167.66
 203043.38      444743.19
 203011.78      444730.69
 202085.62      444126.91
 202919.52      444711.34
 202963.41      444704.56
 202976.27      444756.28
 203092.34      445025.31
 203020.38      444998.44
 203029.77      445002.44
 203034.05      445184.28
 203004.19      445261.75
 202964.08      445246.28
 203033.34      444777.78
 202813.33      445149.88
 202741.81      445040.97
 202779.11      445136.38
 202786.44      445223.09
 203197.88      444740.31
 202908.77      445268.66
 202921.42      445230.88
 203224.80      444743.56
 203283.45      444771.59
 203169.16      444888.28
 203116.27      445033.09
 203230.33      444919.91
 203209.92      445070.22
 203176.48      445058.12
 203350.94      444602.09
 203037.91      445246.72
 203095.45      445339.78
 203064.16      445418.91
 203161.08      445455.00
 203098.81      445431.09
 202892.98      444474.84
 202976.48      444507.28
 203042.69      445473.62
 203077.30      445487.19
 203200.67      444427.59
 202885.27      445650.84
 202930.48      445530.59
 203805.16      444348.38
 203787.81      444416.91
 203763.23      444482.16
 202826.77      445538.59
 202723.84      445511.03
 202679.69      445449.97
 202842.39      445498.22
 202817.61      445486.47
 202801.05      445526.59
 202781.34      445467.81
 203519.28      444315.16
 203524.98      444431.50
 202842.84      445439.84
 203567.55      444447.38
 202877.44      445350.81
 202785.38      445313.12
 202846.45      445337.75
 202937.95      445438.69
 202893.19      445556.34
 202909.09      445516.66
 203481.27      444413.22
 202756.56      445303.28
 202737.31      445354.88
 202826.39      445388.44
 202722.30      445395.09
 202620.84      445281.12
 203241.73      444271.88
 202668.00      445518.88
 203357.56      444315.38
 202639.94      445477.75
 202580.97      445395.19
 202539.00      445393.81
 203751.27      443809.09
 203724.16      443796.88
 203871.02      443776.09
 202504.20      445297.66
 202395.08      445325.38
 202415.66      445227.53
 202307.56      445292.75
 202195.81      445142.47
 202341.34      445198.03
 202178.44      445188.34
 202323.69      445244.56
 202168.48      445210.97
 202511.44      445146.19
 203361.11      443547.94
 202195.52      445029.16
 203098.41      443476.44
 202160.84      445075.97
 202127.31      445163.75
 203276.53      443462.91
 203355.62      443490.19
 203349.84      443573.12
 202532.44      444944.16
 203474.66      443623.81
 202493.95      444885.12
 203308.58      443607.53
 202668.83      445039.03
 202717.00      445007.22
 202635.70      444991.34
 202686.62      444958.16
 202611.94      444956.31
 202640.91      444869.75
 203161.56      443551.41
 202582.03      444908.53
 202542.06      444852.12
 203039.88      443599.47
 202486.41      444773.12
 202468.23      444787.22
 202437.06      444804.72
 203005.59      443540.28
 203021.55      443497.84
 202399.88      444751.59
 202452.75      444765.47
 202368.28      444699.84
 202876.34      443441.22
 202934.44      443464.50
 202325.16      444642.25
 202338.72      445053.56
 202371.38      444984.31
 202195.84      444985.56
 202210.33      444947.03
 202417.16      444859.97
 202365.95      444839.97
 202317.27      444821.62
 202268.23      444802.62
 202354.19      444440.75
 202940.84      443655.28
 202184.41      444769.62
 202700.56      446141.84
 203576.94      443729.69
 202223.66      444550.81
 203488.70      443966.28
 203259.31      443877.38
 203410.92      445613.47
 203212.77      443859.62
 202586.77      445517.12
 202614.48      445556.53
 202555.88      445540.16
 202583.83      445579.28
 203456.59      444029.31
 202707.39      445429.62
 203085.70      445366.75
 203112.16      445730.66
 203136.05      443831.62
 203161.81      445625.81
 203229.02      445541.19
 202776.30      445248.28
 202897.23      445294.41
 202959.08      445383.56
 202610.52      445074.19
 202546.00      445050.72
 202973.50      443825.19
 203008.44      443681.88
 202587.95      445146.75
 202968.30      443665.69
 202521.41      445041.53
 202489.52      445110.75
 202957.12      443820.72
 202961.62      443826.47
 202555.55      445164.16
 202535.36      445217.16
 202516.95      445264.62
 202890.70      445000.00
 202796.84      445062.66
 202885.41      444923.28
 202958.77      444952.56
 202929.88      445058.56
 202967.47      445034.53
 203004.23      445065.25
 202981.30      445130.41
 203171.66      443938.72
 203035.20      443885.56
 202949.67      443864.47
 203350.84      445278.38
 202894.16      444032.38
 202395.80      444919.88
 202318.27      444937.22
 202268.56      444949.22
 202991.62      444030.22
 202943.59      443900.78
 203092.84      444149.47
 203141.89      443977.56
 203127.30      443969.78
 203084.94      443950.75
 202825.31      443966.25
 202866.11      443862.12
 203127.48      444086.78
 203100.58      444064.88
 203065.44      443996.66
 203090.52      444024.22
 202806.95      444209.12
 202796.59      444436.41
 202452.81      444350.47
 202569.70      444627.66
 202559.14      444574.72
 202627.56      444485.31
 202466.41      444422.91
 202514.55      444474.62
 202559.69      444498.81
 202434.05      444694.12
 202530.88      444728.25
 202444.64      444653.97
 202454.67      444623.91
 202395.20      444457.78
 202610.50      444718.03
 202598.41      444754.56
 202545.05      444691.06
 202555.83      444661.94
 202453.53      444589.09
 202444.39      444475.75
 202356.62      444559.56
 202814.62      444826.38
 202832.48      444785.69
 202854.95      444572.62
 202924.34      444587.56
 202864.78      444709.91
 202807.98      444977.22
 202907.70      444862.28
 203011.77      444836.12
 202975.86      444823.12
 202927.36      444806.31
 202914.47      444749.62
 202810.62      444001.12
 203154.75      444435.06
 203095.70      444449.28
 202721.77      444021.38
 202669.27      443945.94
 202680.14      443917.94
 202720.56      443814.12
 202807.80      443799.28
 202811.48      443791.75
 202819.69      443551.81
 202764.34      443696.59
 202739.02      443764.41
 202799.30      443601.19
 202824.77      444214.09
 203121.12      444140.59
 202978.23      444065.09
 202962.95      444058.62
 202472.22      443872.12
 202517.98      443888.66
 202630.38      443724.62
 202700.95      443540.59
 202577.12      443867.38
 202301.66      444421.53
 202303.94      444415.44
 202229.73      444387.31
 201722.19      443205.69
 201753.48      443380.53
 201809.73      443232.22
 201856.66      443420.25
 201820.81      443359.50
 202034.55      443488.06
 202203.08      443560.88
 202351.45      443617.03
 202433.80      444229.84
 202376.94      444244.62
 201521.08      444936.88
 201764.47      444476.34
 203148.02      446240.53
 202831.45      446187.19
 202776.98      446169.25
 202818.53      446223.78
 202739.02      446225.84
 202678.77      446202.81
 202637.83      446311.25
 202616.56      446302.59
 202635.47      446247.94
 202724.36      446076.75
 202589.28      446025.97
 202788.31      446100.62
 202718.77      446097.62
 202697.86      446082.66
 202917.97      446285.69
 202979.02      446247.88
 202347.95      446139.56
 202388.42      446022.44
 202194.41      445950.62
 202142.86      445931.94
 202055.03      446028.22
 202007.72      446006.72
 201948.67      445955.47
 201933.75      445933.44
 201841.67      445918.81
 201839.64      445799.84
 201869.53      445736.50
 201790.05      445706.50
 201876.52      445720.91
 201787.89      445689.09
 201788.77      445591.09
 201675.72      445028.78
 201737.09      445177.78
 201801.05      445132.88
 201885.59      445085.56
 201923.91      445052.41
 202864.88      446131.97
 202996.88      446146.50
 203110.42      446074.28
 203044.20      446097.44
 203052.22      445945.47
 203060.70      445882.69
 202839.27      445770.44
 202777.36      445943.72
 202758.50      445985.84
 202787.55      445841.50
 202753.25      445931.44
 202736.39      445976.38
 202701.42      445877.19
 202724.69      445817.91
 202778.70      445669.53
 202737.75      445612.59
 202708.06      445571.12
 202810.33      445585.31
 202861.20      445642.72
 202611.50      445929.59
 202607.00      445996.62
 202537.64      445974.38
 202301.56      445883.16
 201891.12      445460.56
 202061.41      445661.50
 202034.64      445727.88
 202078.08      445796.66
 202136.89      445576.94
 202009.81      445633.12
 202063.77      445489.38
 202090.05      445423.09
 201991.80      445516.09
 202337.59      445361.84
 202224.78      445319.75
 202101.38      445232.94
 202641.50      445396.22
 202978.97      445327.72
 202637.16      445195.66
 202312.59      445071.81
 202475.69      445196.28
 202213.70      445096.72
 202373.27      445156.97
 202052.72      445076.69
 202014.00      444958.84
 202023.38      444933.06
 202086.05      444985.19
 202074.31      444951.78
 202140.05      444776.28
 203349.62      445793.03
 203372.67      445724.72
 203413.14      445734.47
 203448.33      445626.41
 203494.89      445520.12
 203432.44      445459.56
 203463.53      445363.41
 203397.14      445450.97
 203424.38      445341.47
 203295.38      445414.28
 203258.19      445166.28
 203219.80      445230.88
 203146.61      444882.91
 203306.69      444638.28
 203136.58      444710.22
 202584.05      444789.25
 202678.89      444813.47
 202746.53      444913.97
 202804.95      444914.34
 202808.69      444852.19
 202778.56      444770.94
 202810.02      444687.28
 202683.44      444572.69
 202705.84      444512.22
 202743.81      444415.62
 202735.23      444411.19
 202702.58      444496.69
 202635.28      444377.09
 202503.80      444325.19
 202489.06      444365.50
 202176.17      444908.31
 202223.08      444785.91
 202243.33      444863.00
 202337.30      444758.94
 202284.38      444751.84
 202249.28      444720.62
 202274.89      444655.28
 202328.23      444513.88
 202209.44      444705.75
 202263.14      444563.66
 202192.14      444486.50
 202145.00      444608.62
 201998.66      444777.41
 201778.20      444680.97
 201847.31      444708.19
 201944.64      444690.00
 201904.50      444793.94
 201890.00      444832.12
 201867.59      444888.06
 201750.89      444856.31
 201724.27      444854.56
 201586.11      444866.91
 201758.67      444837.31
 201715.56      444827.22
 201617.17      444830.53
 201643.06      444827.03
 201643.72      444851.34
 201556.69      444877.06
 201789.55      444879.44
 201670.83      444865.44
 201609.05      444860.25
 201564.09      444935.62
 201940.25      444607.62
 201989.44      444570.97
 201909.22      444430.31
 201988.56      444536.03
 202014.23      444469.75
 202070.48      444374.66
 202057.34      444391.59
 202059.67      444340.00
 201927.88      444304.38
 202004.14      444532.16
 201910.23      444284.78
 202087.91      444333.97
 201857.73      444320.84
 203490.23      444532.31
 203538.94      444648.12
 203707.89      444460.12
 203720.55      444391.16
 203961.86      444364.53
 203933.44      444347.28
 203888.17      444312.25
 203854.05      444377.59
 203727.83      444302.12
 203603.16      444222.62
 203659.75      444170.59
 203493.17      444047.56
 203883.02      444287.62
 203794.98      444234.03
 203714.72      444182.19
 203630.86      444132.25
 203799.64      444155.31
 203829.78      443760.25
 203644.53      443812.50
 203676.30      443701.69
 203840.20      443733.47
 203752.64      443701.75
 203634.66      443652.12
 203597.16      443636.41
 203547.50      443616.53
 203323.47      444480.69
 203370.27      444355.78
 203418.08      444231.75
 203568.97      444200.72
 203305.53      444454.50
 203263.11      444568.41
 203241.38      444406.38
 203075.72      444102.28
 203000.81      444186.34
 202928.47      444383.06
 202931.52      444151.94
 203374.08      444017.62
 203363.52      443993.12
 203269.31      443975.97
 203080.52      443905.06
 203050.64      443944.44
 203054.86      443827.84
 202767.83      444381.62
 202606.73      444319.12
 202490.20      444223.28
 202496.44      444195.28
 202639.59      444235.25
 202779.61      444284.84
 202793.80      444291.84
 202874.38      444059.75
 202843.48      444164.94
 202742.53      444183.81
 202845.80      444111.50
 202567.08      444012.03
 202760.20      443507.12
 202777.03      443337.72
 202854.25      443138.03
 202838.98      442779.25
 202740.14      443043.25
 202973.55      442751.69
 202798.92      442636.47
 202791.31      442581.69
 202782.39      442726.38
 202766.86      442723.22
 202773.86      442677.47
 202705.11      442754.00
 202640.70      442742.66
 202552.77      442728.84
 202479.23      442675.59
 202401.38      442704.44
 202350.05      442694.72
 202215.14      442569.75
 202234.62      442674.00
 202628.08      442798.53
 202744.25      442817.56
 202708.61      442925.38
 202621.48      442795.09
 202361.03      443177.38
 202233.22      443128.38
 202203.77      442910.16
 202005.70      442635.62
 201456.31      442452.25
 201621.94      442524.19
 201662.72      442529.12
 201808.62      442570.62
 201724.42      442580.47
 201800.14      442595.50
 201974.55      442890.28
 202013.52      442952.44
 201981.06      443018.53
 202116.03      443019.25
 201726.31      442946.78
 201789.70      442944.91
 201869.16      443002.84
 201677.66      443152.91
 202260.88      443405.72
 202458.22      443331.41
 202414.95      443448.03
 202161.09      443668.34
 202326.84      443683.28
 202285.81      443791.03
 202363.09      444036.44
 202297.53      444206.97
 202135.34      443950.97
 202588.55      443710.66
 202556.19      443796.62
 202495.62      444092.06
 202451.38      444076.84
 202387.91      444235.16
 202369.81      444273.16
 202376.55      444287.19
 202278.19      444405.69
 201783.75      443304.09
 201203.94      443780.53
 201726.78      443880.16
 201835.62      443928.06
 201889.38      443763.09
 201810.72      444018.44
 201691.47      443971.62
 201727.39      444858.88
 202820.03      442828.78
 202653.00      442722.00
Roughness Coeff.
 1	      0.03
 INFILTRATION PARAMETER
        Ks	        Cp	        Md	
.000001200	   0.18000	     0.290
INDEXDIS=         0  NDIS=         0
Xllcorner of grid =  201112.3 Yllcorner of grid =  441657.7
NUMBER OF CELLS: ***** BASIN AREA IN KM2:        7.4
 qout =       1	            0.0	
 qout =    6001	            0.0	
 qout =   12001	            0.0	
 qout =   18001	            0.0	
 qout =   24001	            0.0	
 qout =   30001	            0.0	
PEAK DISCHARGE IN CFS=          0.000 TIME TO PEAK IN MIN=            0.0
VOLUME IN FT3=     26315.7
VOLUME OUT IN FT3=         0.0         0.0
VOLUME EXCESS IN FT3=         0.0         0.0
VOLUME INFILTRATED IN FT3=      3402.4        12.9
PERCENT MASS BALANCE=  0.13
Stopped at:  2:45:30
